0 26 81 69 0 0 0 28 0 33 0 84 0 43 62 0 70 33 53 0 68 0 0 0 0 71 0 28 46 3 47 6 0 0 0 95 89 56 61 9 0 12 0 71 0 0 0 9 0 0 69 71 83 90 0 0 0 24 0 99 33 0 0 6 0 0 0 3 64 0 0 53 0 8 0 0 62 47 0 0 0 84 0 5 56 0 0 0 0 6 0 0 53 54 0 71 78 0 0 90
26 0 0 0 2 62 0 0 78 58 0 0 29 2 0 0 0 43 6 64 0 0 30 58 0 0 78 20 47 0 0 0 20 62 1 0 75 91 56 0 3 0 45 0 0 0 0 81 0 0 68 96 0 0 0 91 42 0 0 0 1 0 99 0 0 20 25 0 0 0 0 0 0 8 31 17 66 0 0 0 51 0 0 0 0 17 0 0 79 0 0 31 10 0 81 5 87 73 0 49
81 0 0 0 53 0 70 61 0 7 31 0 0 41 81 84 91 58 41 0 2 0 0 0 14 0 42 0 0 66 1 47 23 76 0 0 64 0 71 0 52 87 38 86 2 0 73 0 64 47 0 0 0 0 0 0 27 42 0 0 50 78 72 8 1 0 0 0 96 0 90 0 80 21 90 46 0 93 68 84 78 10 0 0 89 0 0 17 0 15 0 0 16 23 78 51 30 72 0 0
69 0 0 0 0 13 19 62 0 0 12 61 0 0 9 66 0 0 78 0 15 0 91 0 74 94 16 0 0 56 33 0 90 0 45 0 34 90 17 0 77 0 0 0 0 71 34 0 71 32 51 0 0 0 0 0 63 0 5 38 86 10 0 0 0 0 81 0 85 78 77 50 91 73 41 0 0 81 0 0 0 98 0 0 0 0 0 9 18 74 92 20 0 0 5 26 52 100 0 0
0 2 53 0 0 0 0 0 1 2 74 0 90 72 0 0 0 63 0 0 57 0 62 0 0 0 0 0 64 100 0 100 50 86 0 0 70 88 90 0 0 93 31 0 51 52 0 0 0 0 7 0 28 0 0 62 29 0 0 42 29 27 0 21 0 92 0 0 37 0 21 99 62 0 84 0 20 89 23 71 0 75 0 0 0 64 4 39 12 98 0 0 0 13 0 72 0 20 42 0
0 62 0 13 0 0 16 0 0 27 0 0 52 54 0 80 84 30 0 0 46 0 0 16 0 0 17 0 0 51 68 0 45 0 12 50 0 91 0 52 0 0 18 40 56 0 36 0 25 45 0 58 57 77 72 0 0 0 0 0 0 0 16 0 0 70 67 0 0 71 60 0 0 21 72 0 61 33 0 61 0 0 0 12 16 0 0 46 42 0 0 99 0 99 0 0 0 20 0 88
0 0 70 19 0 16 0 54 0 96 60 32 50 71 92 73 39 47 0 0 0 0 0 22 0 98 0 0 0 22 30 82 86 36 0 0 15 48 40 0 0 0 67 86 0 0 70 82 97 0 0 0 0 0 0 32 0 0 0 0 0 73 85 92 0 18 24 0 31 0 0 53 15 94 0 0 56 1 8 0 57 100 61 16 38 2 41 0 55 0 0 0 0 68 6 76 77 0 0 94
28 0 61 62 0 0 54 0 56 29 25 0 79 0 21 79 0 37 0 0 48 14 80 0 0 66 83 0 0 0 0 12 0 37 57 26 64 5 14 0 42 91 0 87 0 0 0 0 20 79 88 0 88 81 23 74 91 0 0 94 92 90 86 0 42 30 0 0 0 70 0 41 98 0 51 75 0 0 0 90 0 0 0 0 39 44 55 0 0 44 25 0 62 13 94 85 33 13 0 23
0 78 0 0 1 0 0 56 0 70 35 85 81 13 97 0 0 92 85 0 0 0 36 0 0 0 0 0 99 28 0 58 68 0 38 10 48 91 18 58 0 55 0 24 81 0 0 57 1 0 0 5 0 0 0 0 0 6 0 41 0 0 0 90 0 0 39 68 65 0 0 0 0 0 0 0 14 22 37 0 0 0 0 37 0 21 16 0 0 56 83 0 48 0 55 0 57 0 0 0
33 58 7 0 2 27 96 29 70 0 16 68 31 22 0 2 80 1 0 0 16 19 47 0 0 0 0 97 0 0 18 0 0 0 0 0 0 0 84 0 26 0 84 0 0 0 65 0 0 85 2 0 41 0 0 0 0 20 84 0 0 0 0 0 25 24 0 0 0 0 0 20 69 17 0 0 47 0 0 0 56 11 0 43 86 68 0 0 0 0 35 0 0 0 0 67 13 69 25 9
0 0 31 12 74 0 60 25 35 16 0 0 0 95 0 100 0 0 22 0 92 0 21 0 89 0 41 33 0 0 8 36 0 93 88 0 99 0 60 65 0 0 0 0 7 80 0 61 0 65 1 0 0 52 13 0 38 66 0 50 0 0 0 14 0 16 77 10 0 0 0 0 29 0 0 64 78 0 0 3 81 70 61 86 0 0 51 39 30 0 0 0 33 0 49 0 20 31 1 0
84 0 0 61 0 0 32 0 85 68 0 0 64 87 50 0 90 0 46 0 99 73 0 96 0 86 58 42 60 12 0 0 0 64 18 50 80 0 0 44 86 0 81 0 0 0 22 0 0 0 10 0 70 54 0 0 0 80 0 96 0 87 0 21 0 0 0 0 0 29 16 56 84 7 0 0 0 0 0 39 13 59 62 73 0 100 0 34 0 23 0 0 20 54 0 0 25 0 93 99
0 29 0 0 90 52 50 79 81 31 0 64 0 0 0 0 66 0 59 52 0 0 30 63 15 26 0 48 0 0 54 25 0 0 0 53 0 0 26 86 0 67 0 0 0 84 0 66 0 0 0 0 86 0 69 0 0 30 6 0 54 0 0 0 86 25 0 0 0 9 0 77 0 0 49 0 0 0 0 73 0 14 30 0 0 62 0 25 0 0 77 15 68 0 21 0 0 31 0 51
43 2 41 0 72 54 71 0 13 22 95 87 0 0 0 87 100 0 0 0 0 100 48 67 0 0 96 82 43 0 47 53 48 0 42 100 0 0 0 71 76 49 21 0 0 0 15 54 0 65 0 0 0 80 1 0 50 45 43 0 18 0 28 0 61 10 0 72 9 98 46 0 0 0 0 94 36 0 5 9 0 0 0 0 82 0 46 0 0 0 0 0 14 22 0 41 0 44 8 2
62 0 81 9 0 0 92 21 97 0 0 50 0 0 0 0 54 0 0 0 0 0 75 35 94 50 0 0 0 0 0 0 0 14 70 8 0 90 0 0 0 47 72 0 0 0 1 58 0 92 0 0 0 24 0 0 0 0 19 59 61 0 55 2 0 49 58 15 37 65 0 0 0 89 0 0 0 0 23 0 0 0 0 98 0 4 0 26 54 71 74 64 0 65 26 0 80 0 45 79
0 0 84 66 0 80 73 79 0 2 100 0 0 87 0 0 0 39 83 0 54 93 0 0 0 42 23 0 0 0 0 0 23 65 75 0 0 57 77 0 65 37 45 0 0 0 15 14 0 42 0 9 0 0 0 0 0 93 0 0 56 0 0 67 82 0 66 53 22 0 75 0 0 25 0 54 0 0 0 42 0 0 28 0 0 0 35 0 0 0 0 0 0 72 44 21 0 57 90 76
70 0 91 0 0 84 39 0 0 80 0 90 66 100 54 0 0 0 21 93 0 55 51 0 0 23 96 16 0 35 85 0 90 0 32 59 0 0 0 0 0 50 51 93 10 0 60 0 46 1 71 0 61 70 79 0 79 0 0 0 0 0 0 63 0 82 0 13 71 51 76 60 0 54 0 81 100 0 83 57 96 19 0 5 0 81 88 0 0 37 0 0 0 0 0 0 0 0 11 44
33 43 58 0 63 30 47 37 92 1 0 0 0 0 0 39 0 0 31 59 52 59 2 64 0 2 0 57 0 87 0 0 87 14 14 87 0 4 0 0 0 0 37 0 62 66 0 0 0 64 62 0 0 0 88 5 0 0 81 100 0 5 0 0 0 59 66 93 0 0 61 35 0 0 3 0 0 44 23 17 35 10 0 0 0 0 32 0 90 0 0 0 0 0 21 0 0 0 0 0
53 6 41 78 0 0 0 0 85 0 22 46 59 0 0 83 21 31 0 0 0 84 0 0 75 0 0 0 0 0 54 69 95 0 41 0 39 0 0 0 34 83 0 0 29 0 18 83 0 0 0 0 0 75 13 0 7 35 0 41 54 87 0 81 28 73 0 95 0 62 0 0 20 0 64 73 0 5 0 0 81 31 0 52 0 43 87 0 0 0 0 0 0 65 0 0 97 0 0 0
0 64 0 0 0 0 0 0 0 0 0 0 52 0 0 0 93 59 0 0 0 0 100 37 52 0 0 79 0 0 92 0 49 52 0 0 55 0 6 8 38 71 0 0 0 0 0 83 23 0 41 28 0 9 0 99 0 0 35 0 0 0 23 0 0 0 0 68 84 95 81 0 93 54 23 0 0 0 0 84 0 18 0 0 99 55 0 100 98 36 0 0 98 46 88 0 0 0 34 61
68 0 2 15 57 46 0 48 0 16 92 99 0 0 0 54 0 52 0 0 0 0 4 0 0 0 97 0 0 74 78 48 0 0 0 0 0 0 92 4 0 0 0 0 23 0 93 0 64 51 0 41 62 0 0 0 0 95 98 0 40 54 22 22 0 26 73 81 0 43 56 0 63 94 96 97 61 16 0 17 86 0 61 0 0 0 0 44 61 4 15 20 0 18 0 0 0 0 41 0
0 0 0 0 0 0 0 14 0 19 0 73 0 100 0 93 55 59 84 0 0 0 0 4 54 83 60 0 79 0 0 68 0 84 0 1 0 0 0 0 56 0 0 43 0 48 0 2 0 70 0 22 92 0 63 68 0 40 0 0 0 0 19 56 54 62 0 73 98 0 0 24 0 0 0 0 94 0 0 0 0 90 0 8 0 17 0 42 0 0 0 0 48 0 25 43 0 0 0 0
0 30 0 91 62 0 0 80 36 47 21 0 30 48 75 0 51 2 0 100 4 0 0 14 0 0 61 64 0 16 22 78 10 0 65 0 2 0 67 0 0 27 0 0 0 0 0 92 0 1 0 90 38 23 0 0 0 0 27 4 0 85 25 0 0 33 0 0 0 0 0 24 0 0 99 0 0 10 0 40 14 0 81 0 0 73 44 46 84 0 30 0 0 0 72 0 0 0 85 0
0 58 0 0 0 16 22 0 0 0 0 96 63 67 35 0 0 64 0 37 0 4 14 0 66 77 30 15 0 14 0 0 20 25 59 0 60 0 0 0 88 0 0 0 64 0 0 0 0 10 0 67 0 47 0 0 37 0 21 89 0 83 19 0 0 37 0 0 0 47 32 0 13 69 47 53 24 0 43 52 37 0 0 3 0 61 44 0 79 0 0 0 58 14 82 15 40 49 0 0
0 0 14 74 0 0 0 0 0 0 89 0 15 0 94 0 0 0 75 52 0 54 0 66 0 0 0 0 85 34 94 0 0 23 51 95 33 0 0 25 0 0 53 0 0 0 62 0 0 95 2 4 0 0 0 0 0 0 0 0 6 0 0 0 0 0 0 0 5 0 0 0 0 0 0 98 22 70 51 0 0 59 5 72 0 0 0 66 58 48 0 33 28 0 0 92 95 0 0 64
71 0 0 94 0 0 98 66 0 0 0 86 26 0 50 42 23 2 0 0 0 83 0 77 0 0 42 69 0 0 48 0 72 59 0 53 0 0 69 5 4 76 27 0 19 77 6 0 89 0 0 0 0 4 72 0 0 86 0 50 0 0 62 11 28 70 0 9 0 72 58 0 0 0 0 84 36 0 13 90 0 0 6 0 0 0 0 34 42 81 0 98 41 0 70 0 86 34 0 45
0 78 42 16 0 17 0 83 0 0 41 58 0 96 0 23 96 0 0 0 97 60 61 30 0 42 0 42 60 85 67 0 38 92 0 58 0 88 0 17 0 99 0 0 27 68 0 16 88 0 90 0 0 25 47 13 6 0 79 0 100 50 4 0 91 0 0 0 38 53 62 24 0 0 82 5 0 93 0 0 0 47 0 0 0 1 0 0 0 0 0 0 33 53 2 3 42 0 53 0
28 20 0 0 0 0 0 0 0 97 33 42 48 82 0 0 16 57 0 79 0 0 64 15 0 69 42 0 47 69 76 86 43 0 14 0 0 47 67 0 0 0 0 0 0 0 36 0 71 0 0 0 0 0 23 0 42 0 0 2 82 0 0 26 0 78 0 91 11 0 0 71 0 85 0 0 0 100 0 34 48 36 0 0 79 0 0 56 2 36 74 0 37 0 0 0 0 92 74 90
46 47 0 0 64 0 0 0 99 0 0 60 0 43 0 0 0 0 0 0 0 79 0 0 85 0 60 47 0 0 40 3 0 82 26 70 76 0 0 8 0 92 8 0 62 0 0 0 0 0 2 6 0 0 0 9 29 30 40 0 40 74 27 0 0 48 77 21 97 0 18 71 53 34 0 49 90 0 0 0 0 0 50 0 0 87 73 31 56 0 1 0 0 0 48 85 14 0 0 0
3 0 66 56 100 51 22 0 28 0 0 12 0 0 0 0 35 87 0 0 74 0 16 14 34 0 85 69 0 0 0 46 22 0 55 0 62 0 59 82 0 0 0 1 41 0 0 4 81 92 66 20 0 12 89 82 0 0 0 87 0 52 0 57 0 38 0 0 0 0 90 13 0 0 0 0 0 0 22 0 77 0 5 54 54 43 0 0 0 0 0 0 36 22 0 0 4 95 81 0
47 0 1 33 0 68 30 0 0 18 8 0 54 47 0 0 85 0 54 92 78 0 22 0 94 48 67 76 40 0 0 54 0 84 28 0 99 0 0 71 0 0 12 69 44 0 0 0 0 0 36 0 7 90 17 0 30 76 46 97 59 46 0 0 51 0 59 0 0 54 0 0 0 0 88 67 25 36 0 81 0 90 35 54 88 82 0 0 35 0 96 0 0 0 51 0 0 0 0 6
6 0 47 0 100 0 82 12 58 0 36 0 25 53 0 0 0 0 69 0 48 68 78 0 0 0 0 86 3 46 54 0 0 2 6 8 63 0 0 53 82 0 38 0 88 0 0 46 0 26 0 8 35 0 27 41 0 62 0 0 0 0 0 0 48 0 0 80 0 10 0 0 0 44 0 16 0 0 0 0 0 77 50 58 0 0 87 5 0 0 93 0 52 52 29 62 46 17 0 50
0 20 23 90 50 45 86 0 68 0 0 0 0 48 0 23 90 87 95 49 0 0 10 20 0 72 38 43 0 22 0 0 0 73 85 0 34 0 96 0 0 93 66 0 0 0 0 36 75 58 40 48 0 77 38 54 0 79 32 0 0 26 38 0 50 22 82 20 59 0 65 0 25 0 67 0 0 0 0 0 70 0 0 61 16 0 0 43 0 0 0 0 77 54 0 64 17 0 0 0
0 62 76 0 86 0 36 37 0 0 93 64 0 0 14 65 0 14 0 52 0 84 0 25 23 59 92 0 82 0 84 2 73 0 0 0 0 16 74 0 0 0 86 89 0 0 0 67 55 0 0 20 0 0 54 0 0 73 0 0 0 0 0 0 0 72 0 0 0 4 0 0 39 0 28 0 0 78 0 33 24 0 91 83 0 0 0 0 80 73 93 12 33 0 0 0 99 48 0 0
0 1 0 45 0 12 0 57 38 0 88 18 0 42 70 75 32 14 41 0 0 0 65 59 51 0 0 14 26 55 28 6 85 0 0 0 90 64 34 30 0 80 0 73 37 0 0 0 95 14 0 0 42 79 16 93 0 88 0 0 62 0 60 0 0 0 0 0 43 57 0 0 0 60 14 66 0 0 0 0 19 0 0 16 0 0 0 73 0 83 0 0 0 65 0 0 71 83 15 0
95 0 0 0 0 50 0 26 10 0 0 50 53 100 8 0 59 87 0 0 0 1 0 0 95 53 58 0 70 0 0 8 0 0 0 0 96 90 0 27 0 0 82 72 13 0 72 73 50 35 0 0 0 7 45 17 71 85 80 0 0 48 0 59 63 14 44 0 0 0 0 0 87 0 36 0 98 0 0 35 3 7 0 0 28 0 0 70 0 51 0 0 0 0 0 0 0 57 30 61
89 75 64 34 70 0 15 64 48 0 99 80 0 0 0 0 0 0 39 55 0 0 2 60 33 0 0 0 76 62 99 63 34 0 90 96 0 15 0 59 38 0 54 0 33 0 73 0 0 99 99 1 48 0 0 0 0 75 0 0 51 1 0 0 0 0 97 0 0 30 11 0 88 90 0 0 56 56 38 0 70 0 25 0 0 51 0 0 71 59 37 0 0 17 13 0 0 0 0 0
56 91 0 90 88 91 48 5 91 0 0 0 0 0 90 57 0 4 0 0 0 0 0 0 0 0 88 47 0 0 0 0 0 16 64 90 15 0 69 8 41 0 0 24 96 0 16 0 55 0 54 44 99 0 40 80 0 0 0 20 0 9 63 18 33 73 47 0 50 35 74 57 0 95 0 0 0 16 32 0 53 0 0 74 69 0 37 51 0 91 0 13 34 94 12 53 36 89 55 78
61 56 71 17 90 0 40 14 18 84 60 0 26 0 0 77 0 0 0 6 92 0 67 0 0 69 0 67 0 59 0 0 96 74 34 0 0 69 0 0 27 0 0 81 6 0 0 17 58 88 0 0 86 14 0 69 67 0 0 0 0 0 31 0 0 0 0 37 14 92 29 0 85 0 0 0 0 14 0 0 0 98 82 0 82 0 53 0 81 0 41 91 95 17 0 0 96 81 93 0
9 0 0 0 0 52 0 0 58 0 65 44 86 71 0 0 0 0 0 8 4 0 0 0 25 5 17 0 8 82 71 53 0 0 30 27 59 8 0 0 61 38 0 0 49 27 0 0 80 88 0 0 0 0 0 49 0 47 77 66 0 0 0 38 88 0 58 0 22 54 0 63 0 0 94 90 0 0 0 0 10 0 1 24 20 0 0 0 0 65 0 37 0 0 68 0 0 26 1 0
0 3 52 77 0 0 0 42 0 26 0 86 0 76 0 65 0 0 34 38 0 56 0 88 0 4 0 0 0 0 0 82 0 0 0 0 38 41 27 61 0 0 0 0 84 77 0 0 98 0 32 0 0 0 59 92 83 29 0 67 0 0 97 0 0 0 2 94 29 0 21 0 0 0 0 97 90 34 78 83 30 0 0 0 14 0 0 0 0 35 63 88 0 0 78 8 0 1 0 36
12 0 87 0 93 0 0 91 55 0 0 0 67 49 47 37 50 0 83 71 0 0 27 0 0 76 99 0 92 0 0 0 93 0 80 0 0 0 0 38 0 0 68 14 57 0 0 0 0 0 97 15 57 0 21 10 18 0 0 94 0 17 24 0 23 0 0 0 0 40 62 40 32 0 48 63 22 88 0 71 100 0 95 57 39 0 0 61 40 1 0 40 10 0 12 0 0 92 0 0
0 45 38 0 31 18 67 0 0 84 0 81 0 21 72 45 51 37 0 0 0 0 0 0 53 27 0 0 8 0 12 38 66 86 0 82 54 0 0 0 0 68 0 76 9 0 0 0 47 19 94 83 44 45 22 37 40 71 0 0 0 0 14 0 0 15 66 0 0 0 0 78 0 0 9 75 98 42 49 93 67 0 0 79 26 0 80 73 0 0 80 74 0 11 85 4 50 0 0 0
71 0 86 0 0 40 86 87 24 0 0 0 0 0 0 0 93 0 0 0 0 43 0 0 0 0 0 0 0 1 69 0 0 89 73 72 0 24 81 0 0 14 76 0 0 9 0 0 0 0 26 43 64 0 77 20 94 69 74 0 0 51 16 0 67 0 0 9 77 0 0 0 88 35 0 0 68 62 94 82 94 0 0 0 64 100 0 0 0 0 23 0 0 11 89 0 0 0 0 31
0 0 2 0 51 56 0 0 81 0 7 0 0 0 0 0 10 62 29 0 23 0 0 64 0 19 27 0 62 41 44 88 0 0 37 13 33 96 6 49 84 57 9 0 0 81 17 32 0 0 86 94 35 0 98 2 0 13 61 0 46 0 8 6 51 0 0 0 0 0 0 0 17 0 0 0 10 38 65 0 29 0 80 9 59 0 0 59 0 0 0 47 0 2 0 0 0 0 0 0
0 0 0 71 52 0 0 0 0 0 80 0 84 0 0 0 0 66 0 0 0 48 0 0 0 77 68 0 0 0 0 0 0 0 0 0 0 0 0 27 77 0 0 9 81 0 0 0 5 4 11 0 59 85 79 20 69 0 63 94 0 20 0 0 0 0 0 0 0 0 0 83 56 72 31 0 43 0 0 22 25 0 99 1 66 0 0 24 0 0 73 91 0 16 0 89 37 11 0 33
0 0 73 34 0 36 70 0 0 65 0 22 0 15 1 15 60 0 18 0 93 0 0 0 62 6 0 36 0 0 0 0 0 0 0 72 73 16 0 0 0 0 0 0 17 0 0 2 30 0 91 0 72 0 0 0 0 57 67 0 0 0 84 66 69 0 52 97 0 96 0 0 0 0 37 0 7 0 95 0 0 39 95 0 80 0 76 96 0 0 5 0 70 0 0 51 0 8 93 13
9 81 0 0 0 0 82 0 57 0 61 0 66 54 58 14 0 0 83 83 0 2 92 0 0 0 16 0 0 4 0 46 36 67 0 73 0 0 17 0 0 0 0 0 32 0 2 0 0 0 0 0 60 0 78 0 0 0 0 43 0 0 23 99 0 0 44 11 0 0 0 51 32 0 3 0 84 72 0 0 8 81 70 99 0 0 0 55 85 0 0 0 0 0 0 0 83 26 29 0
0 0 64 71 0 25 97 20 1 0 0 0 0 0 0 0 46 0 0 23 64 0 0 0 0 89 88 71 0 81 0 0 75 55 95 50 0 55 58 80 98 0 47 0 0 5 30 0 0 45 61 18 0 0 0 0 0 0 0 17 81 33 0 0 27 0 57 0 0 52 0 0 0 46 94 24 0 95 19 98 0 0 5 40 8 88 38 0 49 0 70 44 13 0 91 31 31 0 0 74
0 0 47 32 0 45 0 79 0 85 65 0 0 65 92 42 1 64 0 0 51 70 1 10 95 0 0 0 0 92 0 26 58 0 14 35 99 0 88 88 0 0 19 0 0 4 0 0 45 0 94 0 76 0 0 0 22 0 0 88 73 17 0 0 2 85 0 0 47 95 0 0 0 6 0 0 48 26 53 41 56 0 0 0 17 0 0 62 0 0 0 99 0 42 37 14 53 0 33 0
69 68 0 51 7 0 0 88 0 2 1 10 0 0 0 0 71 62 0 41 0 0 0 0 2 0 90 0 2 66 36 0 40 0 0 0 99 54 0 0 32 97 94 26 86 11 91 0 61 94 0 0 0 0 0 33 44 61 56 79 0 0 0 84 0 43 0 0 0 0 0 0 9 0 16 42 0 12 87 31 0 96 0 0 10 0 33 89 73 0 76 13 62 0 66 98 51 0 15 0
71 96 0 0 0 58 0 0 5 0 0 0 0 0 0 9 0 0 0 28 41 22 90 67 4 0 0 0 6 20 0 8 48 20 0 0 1 44 0 0 0 15 83 43 94 0 0 0 18 0 0 0 0 0 0 15 0 0 0 93 0 52 0 0 0 73 82 62 60 0 69 32 0 0 92 26 35 35 98 65 91 0 0 90 91 63 50 0 57 0 0 98 58 61 92 0 0 5 48 0
83 0 0 0 28 57 0 88 0 41 0 70 86 0 0 0 61 0 0 0 62 92 38 0 0 0 0 0 0 0 7 35 0 0 42 0 48 99 86 0 0 57 44 64 35 59 72 60 0 76 0 0 0 85 0 19 0 0 6 0 93 63 10 72 15 0 20 29 0 0 26 0 39 32 0 0 0 0 0 60 57 99 0 30 0 0 0 0 83 0 0 6 0 0 0 0 0 18 78 0
90 0 0 0 0 77 0 81 0 0 52 54 0 80 24 0 70 0 75 9 0 0 23 47 0 4 25 0 0 12 90 0 77 0 79 7 0 0 14 0 0 0 45 0 0 85 0 0 0 0 0 0 85 0 51 0 0 28 0 34 39 0 60 0 57 0 0 0 0 0 33 89 70 89 52 22 0 0 0 62 0 45 0 56 78 70 19 43 17 5 0 0 0 0 81 93 70 0 0 0
0 0 0 0 0 72 0 23 0 0 13 0 69 1 0 0 79 88 13 0 0 63 0 0 0 72 47 23 0 89 17 27 38 54 16 45 0 40 0 0 59 21 22 77 98 79 0 78 0 0 0 0 0 51 0 0 0 83 0 0 0 0 85 42 29 0 0 0 72 0 24 0 0 0 75 0 0 0 0 55 0 12 0 47 41 37 6 2 0 66 70 56 0 0 0 100 0 57 75 0
0 91 0 0 62 0 32 74 0 0 0 0 0 0 0 0 0 5 0 99 0 68 0 0 0 0 13 0 9 82 0 41 54 0 93 17 0 80 69 49 92 10 37 20 2 20 0 0 0 0 33 15 19 0 0 0 0 94 25 96 68 90 29 57 0 19 70 92 69 0 0 0 0 20 30 0 85 93 0 17 78 73 0 0 36 49 30 77 38 7 5 56 0 0 0 0 55 43 98 47
0 42 27 63 29 0 0 91 0 0 38 0 0 50 0 0 79 0 7 0 0 0 0 37 0 0 6 42 29 0 30 0 0 0 0 71 0 0 67 0 83 18 40 94 0 69 0 0 0 22 44 0 0 0 0 0 0 0 0 0 0 0 0 0 28 18 87 59 0 79 0 71 0 6 0 0 59 0 8 0 0 0 0 0 21 0 89 19 79 43 9 64 0 0 0 0 0 70 7 6
24 0 42 0 0 0 0 0 6 20 66 80 30 45 0 93 0 0 35 0 95 40 0 0 0 86 0 0 30 0 76 62 79 73 88 85 75 0 0 47 29 0 71 69 13 0 57 0 0 0 61 0 0 28 83 94 0 0 0 33 0 0 92 0 12 0 0 21 0 21 0 0 0 0 55 0 0 0 52 0 22 45 0 6 90 32 0 10 0 0 0 0 56 10 73 0 0 0 3 44
0 0 0 5 0 0 0 0 0 84 0 0 6 43 19 0 0 81 0 35 98 0 27 21 0 0 79 0 40 0 46 0 32 0 0 80 0 0 0 77 0 0 0 74 61 63 67 0 0 0 56 0 6 0 0 25 0 0 0 0 0 95 0 54 78 0 74 67 41 1 12 74 44 70 100 27 0 43 0 47 0 70 99 0 32 0 0 0 70 23 0 0 0 0 23 0 0 0 0 0
99 0 0 38 42 0 0 94 41 0 50 96 0 0 59 0 0 100 41 0 0 0 4 89 0 50 0 2 0 87 97 0 0 0 0 0 0 20 0 66 67 94 0 0 0 94 0 43 17 88 79 93 0 34 0 96 0 33 0 0 0 28 82 50 0 7 0 70 0 0 50 34 0 50 0 78 0 0 0 0 97 37 32 0 28 0 23 85 0 52 0 0 4 99 69 0 0 53 0 0
33 1 50 86 29 0 0 92 0 0 0 0 54 18 61 56 0 0 54 0 40 0 0 0 6 0 100 82 40 0 59 0 0 0 62 0 51 0 0 0 0 0 0 0 46 0 0 0 81 73 0 0 93 39 0 68 0 0 0 0 0 0 0 80 0 0 30 0 0 58 0 0 0 0 28 0 58 0 18 33 41 53 93 95 7 0 24 48 0 0 0 19 0 0 0 0 0 74 24 11
0 0 78 10 27 0 73 90 0 0 0 87 0 0 0 0 0 5 87 0 54 0 85 83 0 0 50 0 74 52 46 0 26 0 0 48 1 9 0 0 0 17 0 51 0 20 0 0 33 17 0 52 63 0 0 90 0 0 95 28 0 0 75 0 83 55 50 0 23 24 0 71 1 67 0 95 0 0 32 51 0 91 32 7 63 0 0 9 27 0 0 37 88 11 0 0 0 67 61 70
0 99 72 0 0 16 85 86 0 0 0 0 0 28 55 0 0 0 0 23 22 19 25 19 0 62 4 0 27 0 0 0 38 0 60 0 0 63 31 0 97 24 14 16 8 0 84 23 0 0 0 0 10 60 85 29 0 92 0 82 0 75 0 0 0 0 0 0 0 0 42 0 0 0 49 80 0 98 0 0 0 0 0 0 0 2 0 0 64 64 71 0 0 0 53 27 50 73 0 50
6 0 8 0 21 0 92 0 90 0 14 21 0 0 2 67 63 0 81 0 22 56 0 0 0 11 0 26 0 57 0 0 0 0 0 59 0 18 0 38 0 0 0 0 6 0 66 99 0 0 84 0 72 0 42 57 0 0 54 50 80 0 0 0 0 14 5 0 0 0 5 87 21 0 59 57 0 47 9 0 6 0 70 0 59 49 0 64 0 0 0 23 0 86 24 73 48 53 35 0
0 0 1 0 0 0 0 42 0 25 0 0 86 61 0 82 0 0 28 0 0 54 0 0 0 28 91 0 0 0 51 48 50 0 0 63 0 33 0 88 0 23 0 67 51 0 69 0 27 2 0 0 15 57 29 0 28 12 78 0 0 83 0 0 0 80 54 16 72 0 0 65 19 0 0 55 66 4 0 82 97 41 40 47 100 91 0 77 71 0 38 0 0 0 0 66 34 85 62 2
0 20 0 0 92 70 18 30 0 24 16 0 25 10 49 0 82 59 73 0 26 62 33 37 0 70 0 78 48 38 0 0 22 72 0 14 0 73 0 0 0 0 15 0 0 0 0 0 0 85 43 73 0 0 0 19 18 0 0 7 0 55 0 14 80 0 0 56 93 89 0 0 0 0 0 100 0 15 25 4 8 79 83 0 0 0 0 44 92 0 53 0 33 0 0 41 55 0 83 41
0 25 0 81 0 67 24 0 39 0 77 0 0 0 58 66 0 66 0 0 73 0 0 0 0 0 0 0 77 0 59 0 82 0 0 44 97 47 0 58 2 0 66 0 0 0 52 44 57 0 0 82 20 0 0 70 87 0 74 0 30 50 0 5 54 0 0 0 0 0 0 0 71 46 0 0 23 0 0 0 38 0 99 89 51 12 9 12 83 85 0 86 0 97 44 18 0 0 0 32
3 0 0 0 0 0 0 0 68 0 10 0 0 72 15 53 13 93 95 68 81 73 0 0 0 9 0 91 21 0 0 80 20 0 0 0 0 0 37 0 94 0 0 9 0 0 97 11 0 0 0 62 29 0 0 92 59 21 67 70 0 0 0 0 16 56 0 0 0 17 0 98 62 39 0 92 0 0 2 0 0 44 0 61 53 17 0 28 0 59 83 0 0 34 71 43 46 80 0 0
64 0 96 85 37 0 31 0 65 0 0 0 0 9 37 22 71 0 0 84 0 98 0 0 5 0 38 11 97 0 0 0 59 0 43 0 0 50 14 22 29 0 0 77 0 0 0 0 0 47 0 60 0 0 72 69 0 0 41 0 0 23 0 0 72 93 0 0 0 66 0 0 0 48 0 15 32 0 0 0 0 0 40 0 22 0 21 57 31 36 41 0 16 0 20 50 0 8 0 81
0 0 0 78 0 71 0 70 0 0 0 29 9 98 65 0 51 0 62 95 43 0 0 47 0 72 53 0 0 0 54 10 0 4 57 0 30 35 92 54 0 40 0 0 0 0 96 0 52 95 0 0 0 0 0 0 79 21 1 0 58 24 0 0 0 89 0 17 66 0 99 62 0 60 76 0 43 4 0 12 63 0 0 0 0 45 0 13 0 0 91 0 80 0 0 96 16 14 0 84
0 0 90 77 21 60 0 0 0 0 0 16 0 46 0 75 76 61 0 81 56 0 0 32 0 58 62 0 18 90 0 0 65 0 0 0 11 74 29 0 21 62 0 0 0 0 0 0 0 0 0 69 26 33 24 0 0 0 12 50 0 0 42 5 0 0 0 0 0 99 0 0 0 36 0 21 96 0 32 0 80 0 0 17 60 58 0 0 0 0 0 0 47 53 68 0 88 0 100 71
53 0 0 50 99 0 53 41 0 20 0 56 77 0 0 0 60 35 0 0 0 24 24 0 0 0 24 71 71 13 0 0 0 0 0 0 0 57 0 63 0 40 78 0 0 83 0 51 0 0 0 32 0 89 0 0 71 0 74 34 0 71 0 87 65 0 0 98 0 62 0 0 0 0 86 0 85 0 0 0 0 85 76 96 26 56 0 0 0 77 31 91 0 0 0 0 0 0 21 43
0 0 80 91 62 0 15 98 0 69 29 84 0 0 0 0 0 0 20 93 63 0 0 13 0 0 0 0 53 0 0 0 25 39 0 87 88 0 85 0 0 32 0 88 17 56 0 32 0 0 9 0 39 70 0 0 0 0 44 0 0 1 0 21 19 0 71 62 0 0 0 0 0 0 0 29 0 0 34 0 0 80 24 0 0 22 54 0 31 40 0 77 14 0 0 0 10 0 11 0
8 8 21 73 0 21 94 0 0 17 0 7 0 0 89 25 54 0 0 54 94 0 0 69 0 0 0 85 34 0 0 44 0 0 60 0 90 95 0 0 0 0 0 35 0 72 0 0 46 6 0 0 32 89 0 20 6 0 70 50 0 67 0 0 0 0 46 39 48 60 36 0 0 0 37 0 0 92 0 13 0 0 0 0 0 61 33 12 0 0 0 0 17 0 0 0 0 0 0 0
0 31 90 41 84 72 0 51 0 0 0 0 49 0 0 0 0 3 64 23 96 0 99 47 0 0 82 0 0 0 88 0 67 28 14 36 0 0 0 94 0 48 9 0 0 31 37 3 94 0 16 92 0 52 75 30 0 55 100 0 28 0 49 59 0 0 0 0 0 76 0 86 0 37 0 0 0 0 78 0 0 0 97 0 71 62 34 78 75 13 0 0 6 0 90 48 0 0 0 0
0 17 46 0 0 0 0 75 0 0 64 0 0 94 0 54 81 0 73 0 97 0 0 53 98 84 5 0 49 0 67 16 0 0 66 0 0 0 0 90 97 63 75 0 0 0 0 0 24 0 42 26 0 22 0 0 0 0 27 78 0 95 80 57 55 100 0 92 15 0 21 0 29 0 0 0 93 22 42 0 70 94 0 71 0 84 48 91 25 0 0 0 21 0 87 68 0 4 69 0
62 66 0 0 20 61 56 0 14 47 78 0 0 36 0 0 100 0 0 0 61 94 0 24 22 36 0 0 90 0 25 0 0 0 0 98 56 0 0 0 90 22 98 68 10 43 7 84 0 48 0 35 0 0 0 85 59 0 0 0 58 0 0 0 66 0 23 0 32 43 96 85 0 0 0 93 0 0 0 96 0 24 29 0 0 52 46 66 0 0 76 0 42 0 62 0 37 0 0 0
47 0 93 81 89 33 1 0 22 0 0 0 0 0 0 0 0 44 5 0 16 0 10 0 70 0 93 100 0 0 36 0 0 78 0 0 56 16 14 0 34 88 42 62 38 0 0 72 95 26 12 35 0 0 0 93 0 0 43 0 0 0 98 47 4 15 0 0 0 4 0 0 0 92 0 22 0 0 0 72 0 0 54 0 0 0 0 0 0 0 0 0 0 96 55 6 0 38 0 0
0 0 68 0 23 0 8 0 37 0 0 0 0 5 23 0 83 23 0 0 0 0 0 43 51 13 0 0 0 22 0 0 0 0 0 0 38 32 0 0 78 0 49 94 65 0 95 0 19 53 87 98 0 0 0 0 8 52 0 0 18 32 0 9 0 25 0 2 0 0 32 0 34 0 78 42 0 0 0 36 0 92 10 0 0 0 0 55 25 0 0 71 0 0 41 0 0 0 0 12
0 0 84 0 71 61 0 90 0 0 3 39 73 9 0 42 57 17 0 84 17 0 40 52 0 90 0 34 0 0 81 0 0 33 0 35 0 0 0 0 83 71 93 82 0 22 0 0 98 41 31 65 60 62 55 17 0 0 47 0 33 51 0 0 82 4 0 0 0 12 0 0 0 13 0 0 96 72 36 0 97 42 0 28 0 0 0 49 0 0 84 29 0 0 0 0 19 0 0 0
0 51 78 0 0 0 57 0 0 56 81 13 0 0 0 0 96 35 81 0 86 0 14 37 0 0 0 48 0 77 0 0 70 24 19 3 70 53 0 10 30 100 67 94 29 25 0 8 0 56 0 91 57 0 0 78 0 22 0 97 41 0 0 6 97 8 38 0 0 63 80 0 0 0 0 70 0 0 0 97 0 30 70 31 0 0 57 0 11 77 0 88 76 0 71 60 95 0 45 0
84 0 10 98 75 0 100 0 0 11 70 59 14 0 0 0 19 10 31 18 0 90 0 0 59 0 47 36 0 0 90 77 0 0 0 7 0 0 98 0 0 0 0 0 0 0 39 81 0 0 96 0 99 45 12 73 0 45 70 37 53 91 0 0 41 79 0 44 0 0 0 85 80 0 0 94 24 0 92 42 30 0 57 0 79 23 84 67 0 59 40 61 0 0 96 84 64 56 0 0
0 0 0 0 0 0 61 0 0 0 61 62 30 0 0 28 0 0 0 0 61 0 81 0 5 6 0 0 50 5 35 50 0 91 0 0 25 0 82 1 0 95 0 0 80 99 95 70 5 0 0 0 0 0 0 0 0 0 99 32 93 32 0 70 40 83 99 0 40 0 0 76 24 0 97 0 29 54 10 0 70 57 0 24 29 0 0 56 0 0 6 48 0 37 0 0 0 50 60 0
5 0 0 0 0 12 16 0 37 43 86 73 0 0 98 0 5 0 52 0 0 8 0 3 72 0 0 0 0 54 54 58 61 83 16 0 0 74 0 24 0 57 79 0 9 1 0 99 40 0 0 90 30 56 47 0 0 6 0 0 95 7 0 0 47 0 89 61 0 0 17 96 0 0 0 71 0 0 0 28 31 0 24 0 0 75 30 41 0 0 64 0 3 0 30 0 4 34 0 0
56 0 89 0 0 16 38 39 0 86 0 0 0 82 0 0 0 0 0 99 0 0 0 0 0 0 0 79 0 54 88 0 16 0 0 28 0 69 82 20 14 39 26 64 59 66 80 0 8 17 10 91 0 78 41 36 21 90 32 28 7 63 0 59 100 0 51 53 22 0 60 26 0 0 71 0 0 0 0 0 0 79 29 0 0 0 0 8 0 0 0 0 17 82 1 83 0 0 32 71
0 17 0 0 64 0 2 44 21 68 0 100 62 0 4 0 81 0 43 55 0 17 73 61 0 0 1 0 87 43 82 0 0 0 0 0 51 0 0 0 0 0 0 100 0 0 0 0 88 0 0 63 0 70 37 49 0 32 0 0 0 0 2 49 91 0 12 17 0 45 58 56 22 61 62 84 52 0 0 0 0 23 0 75 0 0 0 0 43 0 65 22 25 0 0 0 0 0 0 9
0 0 0 0 4 0 41 55 16 0 51 0 0 46 0 35 88 32 87 0 0 0 44 44 0 0 0 0 73 0 0 87 0 0 0 0 0 37 53 0 0 0 80 0 0 0 76 0 38 0 33 50 0 19 6 30 89 0 0 23 24 0 0 0 0 0 9 0 21 0 0 0 54 33 34 48 46 0 0 0 57 84 0 30 0 0 0 0 0 55 0 40 77 0 26 92 1 5 32 0
0 0 17 9 39 46 0 0 0 0 39 34 25 0 26 0 0 0 0 100 44 42 46 0 66 34 0 56 31 0 0 5 43 0 73 70 0 51 0 0 0 61 73 0 59 24 96 55 0 62 89 0 0 43 2 77 19 10 0 85 48 9 0 64 77 44 12 28 57 13 0 0 0 12 78 91 66 0 55 49 0 67 56 41 8 0 0 0 0 59 1 0 0 0 60 0 48 92 0 17
0 79 0 18 12 42 55 0 0 0 30 0 0 0 54 0 0 90 0 98 61 0 84 79 58 42 0 2 56 0 35 0 0 80 0 0 71 0 81 0 0 40 0 0 0 0 0 85 49 0 73 57 83 17 0 38 79 0 70 0 0 27 64 0 71 92 83 0 31 0 0 0 31 0 75 25 0 0 25 0 11 0 0 0 0 43 0 0 0 0 0 0 0 0 0 61 0 16 28 84
6 0 15 74 98 0 0 44 56 0 0 23 0 0 71 0 37 0 0 36 4 0 0 0 48 81 0 36 0 0 0 0 0 73 83 51 59 91 0 65 35 1 0 0 0 0 0 0 0 0 0 0 0 5 66 7 43 0 23 52 0 0 64 0 0 0 85 59 36 0 0 77 40 0 13 0 0 0 0 0 77 59 0 0 0 0 55 59 0 0 83 0 96 78 0 0 0 0 0 0
0 0 0 92 0 0 0 25 83 35 0 0 77 0 74 0 0 0 0 0 15 0 30 0 0 0 0 74 1 0 96 93 0 93 0 0 37 0 41 0 63 0 80 23 0 73 5 0 70 0 76 0 0 0 70 5 9 0 0 0 0 0 71 0 38 53 0 83 41 91 0 31 0 0 0 0 76 0 0 84 0 40 6 64 0 65 0 1 0 83 0 97 3 0 18 70 77 17 0 50
0 31 0 20 0 99 0 0 0 0 0 0 15 0 64 0 0 0 0 0 20 0 0 0 33 98 0 0 0 0 0 0 0 12 0 0 0 13 91 37 88 40 74 0 47 91 0 0 44 99 13 98 6 0 56 56 64 0 0 0 19 37 0 23 0 0 86 0 0 0 0 91 77 0 0 0 0 0 71 29 88 61 48 0 0 22 40 0 0 0 97 0 0 46 65 42 0 0 0 0
53 10 16 0 0 0 0 62 48 0 33 20 68 14 0 0 0 0 0 98 0 48 0 58 28 41 33 37 0 36 0 52 77 33 0 0 0 34 95 0 0 10 0 0 0 0 70 0 13 0 62 58 0 0 0 0 0 56 0 4 0 88 0 0 0 33 0 0 16 80 47 0 14 17 6 21 42 0 0 0 76 0 0 3 17 25 77 0 0 96 3 0 0 29 99 0 90 0 69 0
54 0 23 0 13 99 68 13 0 0 0 54 0 22 65 72 0 0 65 46 18 0 0 14 0 0 53 0 0 22 0 52 54 0 65 0 17 94 17 0 0 0 11 11 2 16 0 0 0 42 0 61 0 0 0 0 0 10 0 99 0 11 0 86 0 0 97 34 0 0 53 0 0 0 0 0 0 96 0 0 0 0 37 0 82 0 0 0 0 78 0 46 29 0 75 0 0 99 91 0
0 81 78 5 0 0 6 94 55 0 49 0 21 0 26 44 0 21 0 88 0 25 72 82 0 70 2 0 48 0 51 29 0 0 0 0 13 12 0 68 78 12 85 89 0 0 0 0 91 37 66 92 0 81 0 0 0 73 23 69 0 0 53 24 0 0 44 71 20 0 68 0 0 0 90 87 62 55 41 0 71 96 0 30 1 0 26 60 0 0 18 65 99 75 0 0 0 0 72 0
71 5 51 26 72 0 76 85 0 67 0 0 0 41 0 21 0 0 0 0 0 43 0 15 92 0 3 0 85 0 0 62 64 0 0 0 0 53 0 0 8 0 4 0 0 89 51 0 31 14 98 0 0 93 100 0 0 0 0 0 0 0 27 73 66 41 18 43 50 96 0 0 0 0 48 68 0 6 0 0 60 84 0 0 83 0 92 0 61 0 70 42 0 0 0 0 40 45 0 76
78 87 30 52 0 0 77 33 57 13 20 25 0 0 80 0 0 0 97 0 0 0 0 40 95 86 42 0 14 4 0 46 17 99 71 0 0 36 96 0 0 0 50 0 0 37 0 83 31 53 51 0 0 70 0 55 0 0 0 0 0 0 50 48 34 55 0 46 0 16 88 0 10 0 0 0 37 0 0 19 95 64 0 4 0 0 1 48 0 0 77 0 90 0 0 40 0 71 0 0
0 73 72 100 20 20 0 13 0 69 31 0 31 44 0 57 0 0 0 0 0 0 0 49 0 34 0 92 0 95 0 17 0 48 83 57 0 89 81 26 1 92 0 0 0 11 8 26 0 0 0 5 18 0 57 43 70 0 0 53 74 67 73 53 85 0 0 80 8 14 0 0 0 0 0 4 0 38 0 0 0 56 50 34 0 0 5 92 16 0 17 0 0 99 0 45 71 0 0 41
0 0 0 0 42 0 0 0 0 25 1 93 0 8 45 90 11 0 0 34 41 0 85 0 0 0 53 74 0 81 0 0 0 0 15 30 0 55 93 1 0 0 0 0 0 0 93 29 0 33 15 48 78 0 75 98 7 3 0 0 24 61 0 35 62 83 0 0 0 0 100 21 11 0 0 69 0 0 0 0 45 0 60 0 32 0 32 0 28 0 0 0 69 91 72 0 0 0 0 0
90 49 0 0 0 88 94 23 0 9 0 99 51 2 79 76 44 0 0 61 0 0 0 0 64 45 0 90 0 0 6 50 0 0 0 61 0 78 0 0 36 0 0 31 0 33 13 0 74 0 0 0 0 0 0 47 6 44 0 0 11 70 50 0 2 41 32 0 81 84 71 43 0 0 0 0 0 0 12 0 0 0 0 0 71 9 0 17 84 0 50 0 0 0 0 76 0 41 0 0
